"","GPP_mean1","NPP_mean1","Reco_mean1","NEE_mean1","Rh_mean1","Ra_mean1","Rleaf_mean1","Rstem_mean1","Rroot_mean1","Rh4_mean1","Rh5_mean1","Rh6_mean1","Rh7_mean1","Rh8_mean1","QC1_mean1","QC2_mean1","QC3_mean1","QC4_mean1","QC5_mean1","QC6_mean1","QC7_mean1","QC8_mean1","simuCH4_mean1","prod_mean1","oxid_mean1","diff_mean1","ebu_mean1","pla_mean1","conc1_mean1","conc2_mean1","conc3_mean1","conc4_mean1","conc5_mean1","conc6_mean1","conc7_mean1","conc8_mean1","conc9_mean1","conc10_mean1"
"1",0.462,0,14.29544825,13.833401,14.02448125,0.271,0.2215,0.0071,0.0424,3.802713,0.29030725,6.28928875,3.33625975,0.3059095,149.4501,85.0757,180.2367,295.5945,265.9538,464.2734,82151.7969,72477.2188,0.38384075,0.82,0.15118025,0.12168625,0.13025775,0.131896,0.0086295,1.8669785,4.0351095,6.00488725,7.1874875,7.73260175,7.83831725,7.8992,7.9632,8.0288
"2",4.3426,0.0034,14.0486635,9.70602725,13.96259275,0.0861,0.0692,0.0025,0.0144,3.89567375,0.28784375,6.19417525,3.28377925,0.301116,138.0947,83.2138,172.9795,305.4895,266.8719,464.6192,82146.1719,72477.2188,0.42691575,0.8118,0.1187015,0.1640765,0.12731175,0.135527,0.00975525,1.90720875,4.11018025,5.990048,7.27218575,7.850127,7.94893425,8.0037,8.0619,8.1218
"3",11.0207,0,14.2321675,3.21145125,14.03348575,0.1987,0.1597,0.0058,0.0332,4.00603325,0.2882675,6.17110875,3.268357,0.29972225,127.6006,81.4102,166.081,313.9437,267.7425,465.1132,82140.5469,72477.2188,0.45461975,0.7662,0.14882075,0.10558725,0.21182875,0.13720625,0.006328,1.95180225,4.17611275,5.93862375,7.28459775,7.912925,8.01829225,8.0746905,8.1325,8.1914
"4",30.8986,1.4049,22.98901,-7.9095655,16.076118,6.9129,5.7397,0.2782,0.8949,4.714127,0.33197225,6.99264775,3.69820275,0.33916775,118.5957,79.7559,159.9052,319.571,268.4881,465.9107,82133.5312,72478.5625,0.73758425,1.1628,0.047076,0.46346925,0.08542025,0.188693,0.05583575,1.714513,4.065584,5.74878,7.236907,8.0130295,8.1361185,8.19872175,8.26,8.3219
"5",70.4178,54.4377,70.0630085,-0.3547635,35.85323,34.2098,27.6069,1.8825,4.7204,10.6781765,0.75540275,15.49989,8.170269,0.749491,152.5085,80.0399,161.5272,311.908,268.2317,467.9053,82113.2578,72486.8516,1.82210675,2.66,0.3800005,0.49553825,0.63345225,0.69311725,0.02301275,1.0329895,3.417653,4.7059315,6.358548,8.14373375,8.41089025,8.54350175,8.6447,8.7235
"6",110.9403,53.0439,111.527162,0.58685825,54.6360425,56.8911,44.9031,3.4157,8.5724,15.78431825,1.16037325,23.96559475,12.57193,1.15382175,172.0247,82.3359,171.0578,295.0024,267.0109,469.9676,82081.0859,72501.8047,2.71742575,4.7003,0.5856885,0.8742205,0.893078,0.9501235,0.16274925,1.404893,3.58865025,4.640452,6.18357225,8.30866,8.67873125,8.8662075,9.016,9.1351
"7",152.5251,61.5349,162.19158575,9.666506,85.0520165,77.1396,59.2004,5.1025,12.8367,23.11040575,1.84316725,38.264037,19.99774675,1.83666,188.5362,86.6029,188.2198,260.9873,264.1468,470.4323,82029.4531,72516.9062,6.457551,9.9575,0.640146,3.1391625,1.71877825,1.59960925,0.277043,2.27797475,4.901124,5.67954025,6.72923375,9.0333715,9.40466625,9.5880495,9.74390275,9.8749
"8",149.134,56.2197,161.748418,12.61428275,80.53258825,81.2159,64.1177,5.2411,11.8571,19.868648,1.75790225,37.468914,19.63250025,1.80462425,201.1943,90.2456,202.5765,236.5785,261.5574,467.2796,81978.7734,72531.3359,7.38730825,9.8511,0.5467385,3.15980825,2.43531575,1.79218375,0.016199,1.80143175,4.79058375,5.5601215,6.57498475,9.11730525,9.4984935,9.67560475,9.8327865,9.9712
"9",97.5093,27.1127,122.10537175,24.596094,49.77645075,72.3289,60.9318,4.1808,7.2163,11.5567235,1.078001,23.56986525,12.42864925,1.14321425,198.8024,91.1734,205.9408,233.7257,260.5967,464.3398,81947.9453,72543.6328,2.914601,3.6605,0.95121025,0.181975,1.691982,1.040645,0.00987675,0.56655725,3.53097975,4.41851425,5.68786275,8.21770125,8.6312865,8.8280005,9.003777,9.1602005
"10",56.1192,15.9938,88.8240415,32.7048145,32.3327935,56.4912,49.0862,2.8242,4.5809,7.5264435,0.69243975,15.2751,8.09397475,0.744836,191.2546,90.9485,204.6758,240.0605,260.5695,462.5595,81927.4297,72551.0625,1.55245575,2.1457,0.666624,0.18805075,0.69793275,0.66647775,0.00606925,0.66688075,3.2310095,4.17757275,5.522655,7.62477675,8.01469925,8.20288675,8.3701,8.5175
"11",13.2368,0.0259,46.9376085,33.70083,17.25554775,29.6821,26.6916,0.8972,2.0932,4.07246,0.3605185,8.11431725,4.31139825,0.396855,176.733,89.1478,197.2139,253.0087,261.2755,461.7198,81919.0703,72553.7109,0.9244845,1.0483,0.163769,0.05011025,0.5228165,0.3515555,0.0033435,0.87901925,3.6970645,4.989542,6.15749475,7.33398825,7.60899675,7.7477,7.8805,8.0069
"12",3.0593,0,29.66998875,26.6106825,15.59356025,14.0764,11.8008,0.3588,1.9168,3.882891,0.32523475,7.2014955,3.8312475,0.35269325,161.1656,87.0584,188.7158,268.4318,262.3019,461.3238,81912.5078,72553.7109,0.415385,0.8791,0.1477225,0.06277525,0.20510925,0.1475085,0.0046635,1.75812275,4.16336825,5.96093425,6.91548425,7.46079475,7.59983175,7.6777,7.7614,7.848
"13",2.2952,0,13.3293915,11.034228,12.3151955,1.0142,0.8303,0.0267,0.1572,3.21197325,0.256408,5.5949835,2.97769275,0.27413725,148.9183,85.3437,181.8712,280.4273,263.172,461.2632,81906.0625,72553.7109,0.25243275,0.6195,0.104527,0.042167,0.07945025,0.1308155,0.003626,1.7916185,4.097791,6.16021225,7.15945125,7.62951125,7.71893875,7.770703,7.8309,7.8966
"14",4.3982,0,12.56209175,8.163883,12.54854775,0.0135,0.011,4e-04,0.0022,3.3870505,0.26048575,5.62957625,2.99562425,0.27580825,137.6017,83.6154,175.09,291.0371,264.0456,461.402,81900.2969,72553.7109,0.251793,0.5929,0.08717425,0.039486,0.08088225,0.131418,0.00411475,1.806597,4.107878,6.19446075,7.2764725,7.7749065,7.85303575,7.89529925,7.9447,7.9991
"15",29.5946,1.4037,18.53930475,-11.05528225,13.68198025,4.8573,4.008,0.2042,0.6451,3.80054225,0.28350575,6.07166025,3.228958,0.29731225,127.8255,81.9192,168.572,300.0214,264.9474,461.7434,81894.6719,72553.7109,0.430735,0.8506,0.05283575,0.2686715,0.02696775,0.13509375,0.030504,1.8555265,4.118172,6.17844175,7.366926,7.9132445,7.9947695,8.0362,8.085,8.1393
"16",38.1265,44.1322,32.435302,-5.69124375,15.28530625,17.15,15.1332,0.615,1.4018,4.3694105,0.3176345,6.7070655,3.5630935,0.328104,159.3566,80.3827,162.8079,308.089,265.7471,462.3418,81888,72554.7188,0.79190175,1.105,0.03567925,0.46708525,0.1567055,0.16810875,0.05193775,1.82926875,4.1809555,6.06713975,7.355413,8.020683,8.120123,8.16860125,8.2214,8.279
"17",89.6543,32.3187,84.51161875,-5.142764,36.9953815,47.5163,38.8877,2.6068,6.0218,10.86853575,0.785698,16.05469675,8.50324725,0.78320075,164.8745,81.3692,167.1471,302.6552,265.4403,464.2508,81866.3281,72562.8438,2.0211165,2.9778,0.30449325,0.7388665,0.49403025,0.78822275,0.109282,0.9565855,3.28500825,4.61463625,6.3236735,8.18991975,8.44734175,8.5684225,8.6617,8.7365
"18",133.3365,49.0591,127.73719375,-5.5992935,59.0075865,68.7296,53.9473,4.4091,10.3732,16.7589045,1.26082025,26.011829,13.71239775,1.263637,175.9958,84.4206,179.5801,283.4541,264.0038,466.1706,81831.8516,72577.7578,4.152318,6.0867,0.47481675,1.85416475,1.1947995,1.10335275,0.138191,1.569275,3.73153025,4.724661,6.24108875,8.4509775,8.8197115,9.0009225,9.1462,9.2628
"19",161.7811,63.3713,167.42955775,5.64856625,81.787375,85.6421,66.5536,5.8225,13.2661,21.74691575,1.77425075,37.0133975,19.4583965,1.7944185,193.1093,88.8249,197.1271,254.236,261.4141,466.0369,81782.3125,72591.8203,5.01881225,8.6442,1.143,1.85239525,1.67365525,1.49275925,0.12079225,2.0183015,4.652264,5.44159425,6.56178925,8.955068,9.3366955,9.5209005,9.6779,9.811
"20",144.7694,52.724,158.0375095,13.26808675,71.93100425,86.1065,69.0547,5.6173,11.4345,17.610203,1.563693,33.47863125,17.649616,1.62886,203.7351,92.0768,209.7676,237.1937,259.4435,463.3145,81737.9219,72605.8281,4.58367675,7.1247,1.27632225,0.946506,2.1865225,1.45065525,0.013115,1.4839095,4.27316175,5.08093625,6.23473225,8.77831075,9.17873675,9.3662,9.531,9.676
"21",98.2296,30.0347,117.80008225,19.5704865,44.00140775,73.7987,61.7714,4.2957,7.7315,10.2926305,0.94347675,20.75242,10.99732875,1.01555825,202.5219,93.3129,214.2498,237.9245,258.8106,461.0054,81710.9375,72616.9688,2.1232405,2.9542,1.284239,0.283286,0.97468775,0.86526425,0.05818925,0.03674375,2.973462,4.16501475,5.5063825,7.959959,8.386061,8.59301375,8.7702,8.9204
"22",39.3566,7.9602,75.68692525,36.330325,25.2934965,50.3934,44.8775,2.2385,3.2774,5.9793735,0.531346,11.8800915,6.3189385,0.58374175,190.8826,92.3675,210.0319,248.0534,259.122,459.8597,81695.7031,72622.5938,0.636,1.3435,1.2060895,0.2243735,0.0150245,0.39660275,0.00604825,0.16800375,1.593268,3.70391075,5.43257125,7.42401075,7.7986895,7.9814,8.1408,8.2797
"23",8.5364,0,42.5506515,34.01424475,17.82797675,24.7227,22.2356,0.6781,1.8091,4.310719,0.36697975,8.311993,4.42903725,0.4092505,176.3769,90.4495,202.0049,260.9246,259.9047,459.1911,81685.1875,72627.4844,0.7295685,1.1399,0.184144,0.09897225,0.3645425,0.26605625,0.00783275,0.816932,2.4032075,4.45902525,6.0392745,7.30669725,7.59651225,7.7427,7.8697,7.9786
"24",0.9507,0,26.47519875,25.52449,16.881325,9.5939,8.0246,0.2469,1.3224,4.301444,0.348003,7.7289345,4.12201425,0.3809295,160.8409,88.1516,192.5778,276.2507,261.0519,458.9489,81678.625,72627.4844,0.48147225,1.0534,0.17754475,0.12791225,0.21947275,0.1340875,0.00790125,1.51837075,3.1920225,5.3607455,6.79088725,7.479257,7.642308,7.7288,7.8119,7.8914
"25",1.2907,0,14.197546,12.9068485,13.71889975,0.4787,0.39,0.0126,0.0761,3.6626245,0.283032,6.175273,3.293569,0.304396,148.6182,86.2105,184.7767,288.0499,262.0441,459.0476,81673,72627.4844,0.38675975,0.8352,0.0901755,0.18607475,0.081446,0.11924075,0.0100595,1.678236,3.575302,5.5667475,7.05815425,7.674426,7.7853295,7.8433265,7.90370025,7.9658
"26",2.8654,0,13.677001,10.81157825,13.667173,0.0098,0.0079,3e-04,0.0016,3.7697335,0.281361,6.07711325,3.2395445,0.29942175,137.3244,84.3231,177.3345,298.4027,263.0013,459.3523,81667.375,72627.4844,0.36084175,0.7044,0.10655025,0.08026675,0.155823,0.1247535,0.0054875,1.777402,3.7851915,5.5749565,7.14762975,7.8062035,7.90523375,7.95269975,8.0035,8.0571
"27",8.4724,0.0012,13.663219,5.19085725,13.4461435,0.2171,0.1732,0.0065,0.0374,3.804388,0.2758645,5.92095925,3.1534445,0.29148525,126.8894,82.5323,170.4037,307.3047,263.8906,459.8111,81661.75,72627.4844,0.3519425,0.6888,0.1205555,0.07264775,0.151479,0.12781525,0.00864575,1.8129385,3.87549575,5.6013835,7.184285,7.88327775,7.9886935,8.03694225,8.0866,8.1379
"28",20.6346,0.3875,15.22261125,-5.41198675,13.928086,1.2945,1.0635,0.0576,0.1734,4.02139875,0.284912,6.08548775,3.2370515,0.29923025,117.4394,80.7391,163.6002,314.7764,264.7825,460.4277,81656.125,72627.4844,0.51446425,0.9096,0.04783775,0.32480025,0.05873075,0.13092825,0.03103625,1.83223175,3.877364,5.59241175,7.24108975,7.97262625,8.087122,8.1395125,8.191623,8.2447
"29",59.9381,40.8881,47.47499925,-12.4631195,21.19835975,26.2766,20.682,1.4852,4.1094,6.3751095,0.44487825,9.10121,4.830578,0.4465875,140.1468,80.6562,163.7176,316.5206,265.2831,461.8019,81645.3281,72630.7734,1.14873825,1.523,0.15734125,0.46334425,0.3642735,0.32112125,0.06314125,1.2437575,3.80027975,5.36686625,6.9779855,8.09970725,8.2429665,8.30641525,8.3729,8.4461
"30",111.4087,64.6107,100.03099175,-11.377741,47.8746455,52.1564,40.4348,3.1628,8.5588,14.29716825,1.0170375,20.6477145,10.9042735,1.00845275,171.6489,82.9295,173.1693,302.4604,264.422,464.661,81617.3359,72642.0625,2.86178025,4.4826,0.389554,1.3223255,0.6387295,0.900729,0.19467725,1.50393775,3.49485925,4.6565295,6.33889975,8.360625,8.66165575,8.803751,8.9192,9.0166
"31",143.8084,54.9809,146.51798125,2.709515,74.120677,72.3973,56.2495,4.6661,11.4817,20.81349125,1.587084,32.87002175,17.25345075,1.596626,184.9551,86.5236,187.6153,274.1587,262.2021,466.489,81572.6875,72655.625,5.8279925,8.44,0.45876025,2.8625115,1.5163685,1.44911075,0.0605715,1.67641825,4.37393475,5.2456955,6.48932475,8.795766,9.170777,9.35679975,9.5108,9.6368
"32",141.5204,51.5224,143.57766075,2.05715575,61.2604335,82.3173,65.7426,5.3929,11.1817,16.10722925,1.315414,27.87209025,14.61251825,1.35318475,195.7844,89.7876,200.5283,259.5434,260.7434,465.9654,81536.1875,72670.8984,3.13458525,5.0791,0.96495075,0.3268115,1.650877,1.15689225,0.00476075,1.57368725,4.00544075,4.867508,6.14878525,8.54248475,8.94631175,9.143997,9.315,9.4634
"33",100.6379,43.8821,127.5610085,26.92315275,57.7662965,69.7947,56.1962,4.1574,9.441,14.4209415,1.23391075,26.755765,14.0534545,1.30222575,201.9176,92.175,209.6878,250.37,259.5618,464.1567,81501.1562,72684.5625,3.151461,5.0797,0.995538,0.399362,1.59516075,1.156933,0.00816925,1.015912,3.72194975,4.59353075,5.8830285,8.273746,8.68778875,8.892432,9.0682,9.2176
"34",41.0773,11.276,76.52503,35.44769375,34.01799,42.507,37.5871,1.7504,3.1695,8.2670085,0.71158675,15.88944475,8.37363725,0.7763145,191.8838,91.2459,205.531,255.4968,259.6307,462.7208,81479.8203,72693.2266,2.70601375,3.2036,0.2191565,0.83567325,1.012925,0.85741725,0.02715525,0.75465575,3.2466195,4.2665675,5.6883505,7.742494,8.1354065,8.3322,8.5023,8.6468
"35",6.3947,0,37.20585775,30.811111,17.95041575,19.2554,17.4025,0.496,1.357,4.422943,0.36696175,8.3447925,4.40702475,0.40868875,177.3021,89.2186,197.1316,268.5325,260.5037,462.0971,81469.8516,72697.5703,1.07304625,1.2919,0.19883575,0.20442825,0.549492,0.3191295,0.00920975,1.23639275,3.58936075,5.05038825,6.3262915,7.4594805,7.73979375,7.88561625,8.0172,8.1335
"36",0.5961,0,21.46864475,20.8725915,16.140414,5.3282,4.3957,0.1327,0.7998,4.18508325,0.32978425,7.3693605,3.8949365,0.361247,161.6847,86.9218,187.8107,284.1481,261.6931,461.9132,81463.2891,72697.5703,0.4704295,0.9051,0.1292435,0.1086665,0.2220275,0.13973025,0.00384275,1.774806,3.879342,5.82925525,6.97959475,7.57378925,7.72586675,7.8116,7.8929,7.9685
"37",0.5733,0,13.2738415,12.7005265,13.092806,0.181,0.1482,0.0047,0.0281,3.545505,0.26697225,5.88275825,3.1091735,0.2883915,149.3979,85.025,180.2704,296.1314,262.6937,462.0269,81457.1406,72697.5703,0.27965725,0.6025,0.0596515,0.04587975,0.10513,0.128652,0.00416075,1.78899475,3.97059575,5.96426475,7.18430175,7.7289535,7.837613,7.8982,7.9562,8.011
"38",1.4866,0,13.20037925,11.7138045,13.19161925,0.0088,0.0071,2e-04,0.0014,3.6939555,0.2688625,5.8512845,3.09081275,0.28670725,138.0448,83.1738,173.0495,306.5524,263.6534,462.3508,81451.4844,72697.5703,0.2622185,0.5421,0.056454,0.03911175,0.09755325,0.12555125,0.00336125,1.586903,3.96641375,5.89995975,7.2733715,7.85630275,7.95322825,8.00352,8.053,8.1013
"39",9.3016,0.0014,14.03878,4.73713575,13.81177475,0.227,0.1824,0.0067,0.0379,3.97462025,0.28141525,6.06073825,3.19831,0.29669925,127.5551,81.3381,166.0241,315.2485,264.5705,462.8662,81445.8594,72697.5703,0.35435725,0.6179,0.07781625,0.060874,0.17101975,0.1224645,0.00740125,1.7111015,3.969423,5.79943025,7.29370825,7.94433825,8.0443955,8.0928625,8.1417,8.1914
"40",26.2805,0.0992,18.659248,-7.6212145,14.2257865,4.4335,3.7224,0.1473,0.5637,4.18397225,0.289919,6.18821825,3.26112325,0.30254925,117.9098,79.543,159.2856,322.2548,265.4307,463.5569,81440.2266,72697.5781,0.47729175,0.8414,0.05221275,0.25491875,0.092278,0.130094,0.035211,1.82175675,3.95254775,5.72982425,7.32428325,8.018926,8.12537875,8.17540375,8.2285,8.2849
"41",71.2804,33.4165,53.778565,-17.50177925,24.542101,29.2365,23.3357,1.6825,4.2183,7.48814275,0.51367375,10.50597075,5.521944,0.512369,132.9794,79.5763,159.9458,320.8493,265.7321,465.2225,81427.2422,72702.4531,1.41379575,1.8744,0.13815575,0.65178,0.37285275,0.389166,0.01023525,1.160948,3.80763975,5.3084625,6.91168625,8.171072,8.34316675,8.4283015,8.5021,8.5794
"42",126.4346,79.27,119.544358,-6.890199,56.0136415,63.5308,48.8376,4.051,10.6421,16.63199825,1.182032,24.3119875,12.70800075,1.17963175,175.417,82.6133,172.4545,300.3927,264.4189,468.1304,81394.4219,72715.3516,4.42175525,6.0998,0.06104325,2.416366,0.8791545,1.12623225,0.2532315,1.73344575,3.77255875,4.83238125,6.39330925,8.4917145,8.82896425,8.99481375,9.1164,9.2296
"43",153.8851,53.9357,159.35645425,5.47137925,79.09706025,80.2594,63.3086,5.3031,11.6477,21.72151725,1.6757375,35.50908475,18.4746455,1.71607725,188.0297,86.1166,186.5601,269.8642,261.9672,468.7849,81346.6406,72728.1875,6.595616,9.3778,0.66684975,2.808929,2.20148675,1.58520525,0.050212,1.961762,4.64793175,5.44994225,6.540832,8.918447,9.274983,9.43559925,9.5647,9.6816
"44",142.9578,54.4817,165.58684775,22.6290765,74.74638975,90.8404,72.6981,6.1975,11.945,19.02717425,1.5994835,34.486379,17.96351525,1.66984575,199.9663,89.6881,200.6796,248.3204,259.797,466.7268,81301.3828,72741.2422,4.34065475,7.1425,1.24440775,0.51829525,2.3797535,1.442606,0.05332575,1.81137325,4.52901275,5.2825405,6.35324525,8.88056275,9.24927475,9.39900025,9.5242,9.6376
"45",92.8893,35.1582,123.90575975,31.016465,58.11433475,65.7914,54.2653,3.7102,7.816,13.92682725,1.238774,27.31511525,14.303128,1.3304895,201.6035,91.1724,206.2411,239.6756,258.5559,463.6904,81264.0078,72755.0078,4.98801475,6.5774,0.6628825,1.51872275,2.133868,1.33542175,0.033472,1.362048,4.07758725,4.87919825,6.00202575,8.4005645,8.76689925,8.9150235,9.0461,9.1656
"46",43.5957,7.6798,82.6614555,39.0657705,37.56422,45.0973,40.6925,1.8716,2.5331,8.79051825,0.78742425,17.76388325,9.35198225,0.87041375,190.0043,89.9354,200.9485,243.3046,258.4253,461.5066,81240.4141,72764.8672,2.74635725,3.3235,0.567615,0.3186395,1.48385875,0.94385975,0.00727,0.822621,3.50099725,4.3550915,5.58034525,7.7301485,8.06376,8.20111475,8.3321,8.4508
"47",7.2358,0,42.56136575,35.32561075,19.82691775,22.7344,20.3756,0.6412,1.7176,4.612219,0.4018085,9.39068975,4.96038225,0.46182325,175.5653,88.0381,193.1469,255.1902,259.1115,460.3406,81228.7266,72768.1719,1.36370275,1.4427,0.2231185,0.097706,0.8000405,0.46595725,0.00426925,1.0099805,3.793682,4.884557,5.9238005,7.22158525,7.45539725,7.5548,7.6712,7.776
"48",2.2539,0,26.6923695,24.438442,14.1238265,12.5685,10.5766,0.3205,1.6714,3.46384825,0.28473875,6.57311,3.478254,0.32387275,160.1008,86.0282,185.0378,271.0638,260.1629,459.8363,81220.9375,72768.1719,0.46073825,0.8176,0.114599,0.056984,0.2595095,0.144237,0.00409875,1.85005825,4.6516265,5.99805325,6.71145225,7.19567125,7.2763545,7.3205,7.4017,7.4748
"49",1.384205,0,10.2063625,8.82215825,9.646633,0.559731,0.3302175,0.02524475,0.204268,2.6203355,0.0879555,4.72332475,2.10589075,0.10913,145.090251,84.99250575,178.83049175,286.80556375,260.853697,457.9857785,81215.9642975,72768.95936475,8.660574,0.375349,0.260153,0.0285815,8.25820425,0.373811,0.00558475,1.30302925,3.820553,5.03682775,5.806474,6.62726375,6.690891,6.71854075,6.77991325,6.8371465
"50",0.80774625,0,6.572224,5.764477,6.5720025,0.00022225,0.00010825,0,9.75e-05,1.84434275,0.05952025,3.164911,1.42913725,0.0740865,132.15577475,84.2455985,174.44044625,300.33564325,261.36295175,456.89560275,81212.3106235,72769.13362475,0.53362,0.2104575,0.17980625,0.02509075,0.20933475,0.2991835,0.003307,1.00221275,3.362519,4.709857,5.6001015,6.38823675,6.4432105,6.45562925,6.49938025,6.54029475
"51",14.119801,0.04618325,15.27290225,1.15310475,14.693449,0.57945075,0.3097175,0.023872,0.24585975,4.4091045,0.13674175,6.872939,3.113295,0.161373,120.49890825,82.809765,166.19794925,310.61911225,262.27903625,454.99808125,81205.93193225,72771.57747325,0.43269175,0.533418,0.10936225,0.0610025,0.10795775,0.26373375,0.003015,0.93375475,3.2011065,4.6087315,5.67042675,6.477177,6.5469595,6.56690275,6.60983125,6.65013525
"52",34.944024,26.89980125,27.49212425,-7.45190075,20.04261275,7.44951175,5.29954725,0.523169,1.6267965,6.21134275,0.18965325,9.19453275,4.227785,0.2192995,133.63398525,81.5151305,158.06067875,318.30184475,263.32710625,452.97480925,81197.52964975,72775.4653565,0.463417,0.8158895,0.16533125,0.01284875,0.1777045,0.272863,0.0019635,1.08658625,3.154544,4.4950975,5.65746125,6.56004025,6.65798675,6.6913545,6.739391,6.785631
"53",59.95654525,41.68749225,56.61118325,-3.34536125,29.93025725,26.68092425,20.00013275,1.8840225,4.7967665,9.63705275,0.29256325,13.42808925,6.2478695,0.3246825,151.281718,81.68649725,156.29289575,320.19756475,264.13532225,450.87186975,81184.32226775,72782.864725,1.35692975,1.9517615,0.11477025,0.545574,0.17245425,0.638902,0.0707,0.49455825,2.29381775,3.28540075,4.80989775,6.72275575,6.89065,6.95462025,7.020323,7.082336
"54",99.54175075,42.49733225,113.683984,14.1422355,67.63734675,46.0466385,32.822534,3.81753725,9.406571,21.4980595,0.69388375,30.30317275,14.3915525,0.750679,157.5207705,84.08031575,163.26608375,294.55018425,264.064913,446.47041825,81151.99390925,72800.703537,3.66951525,7.58678075,1.36574175,1.298227,0.57821075,1.7930765,0.059831,0.99378525,2.272507,2.72797325,4.1224105,7.4348795,7.728359,7.809182,7.89934275,7.982646
"55",122.81621575,59.326694,156.4052205,33.589005,97.16635,59.238868,41.20373125,5.20737175,12.827767,28.58785625,1.07146275,44.23032025,22.12038475,1.1563345,171.212862,88.08637425,176.34962375,252.25679,263.1129855,438.634102,81099.91044975,72827.44316525,5.8935695,14.9339515,3.7445095,1.6771865,1.30557675,2.9108045,0.026444,1.689313,3.500875,3.74330325,5.031053,8.9745565,9.17361725,9.13902825,9.15815275,9.1795275
"56",112.02186675,59.09580525,154.4481165,42.42624325,97.081662,57.366452,39.86723075,4.89385425,12.60536375,25.509379,1.1411515,45.15635375,24.01659925,1.25817475,183.4541115,92.02991825,188.79981125,219.23465275,262.03137925,428.58872,81041.59429675,72855.53978675,6.20643075,15.0847025,3.767206,0.72776875,2.32819325,3.150468,0.0247865,1.3819205,3.579905,3.91639125,5.29868175,10.050348,10.22830525,10.08322475,9.9919995,9.923858
"57",101.3991845,59.2078205,147.6216185,46.22243875,96.80816325,50.8134595,34.29987575,4.1604225,12.35316325,22.932883,1.2052105,45.64030925,25.6852355,1.344517,194.57972725,95.84592675,200.24589825,192.20989325,260.79295175,416.860273,80974.9167985,72885.91009925,10.77486525,20.40726875,3.56578625,3.04915,3.48564175,4.24007025,0.0229725,1.43533325,3.6943045,4.06729575,5.528528,10.958506,11.17927425,10.958236,10.7625585,10.60855375
"58",52.0648305,22.60560475,80.4393,28.37447025,52.09065725,28.348645,21.198607,2.0023995,5.14763875,11.5183545,0.63837475,24.62759475,14.54365,0.7626815,187.19550675,96.1156655,197.6974825,195.43405675,260.9819595,410.986662,80938.71726575,72902.270391,4.9848745,6.218126,1.23022075,0.042319,3.050856,1.89168625,0.006043,0.5143,2.11310875,2.53264375,3.8870065,9.023033,9.54068675,9.50155625,9.40986925,9.3459465
"59",17.65355875,6.64381125,56.20036475,38.54680625,38.26593875,17.93442775,14.593647,1.0993025,2.2414715,8.74970725,0.46175125,17.75177,10.7402655,0.56244525,172.9836855,94.639639,188.21657175,204.7216095,261.71663025,407.78121625,80911.7779295,72914.34140675,3.4089155,4.35476875,0.7798925,0.4754935,1.514669,1.418754,0.04692725,0.4804375,1.96316475,2.387917,3.601675,7.67163325,8.263331,8.3467815,8.356822,8.3726165
"60",5.38910375,0.016635,38.734142,33.3450315,27.41518975,11.31894975,9.03421025,0.61823075,1.6665065,6.56675725,0.319257,12.45736325,7.6703995,0.4014125,154.501272,92.20707275,174.99044725,221.77107425,263.0596165,406.3372165,80893.17560525,72922.550602,2.1032755,2.1784435,0.6027275,0.16080675,1.0112715,0.93119425,0.00585175,0.71357925,2.3480405,2.920763,4.0253495,6.6647765,7.14615275,7.2655895,7.33367125,7.394252
"61",2.360737,2.925e-05,15.43893675,13.0782035,14.50218225,0.936755,0.61301775,0.0534245,0.2703105,3.67181475,0.163968,6.4465065,4.01010525,0.2097905,140.27659475,90.401719,165.58564225,237.39047275,264.22709375,405.994274,80883.90998,72925.17048525,0.76403125,0.75980025,0.31172175,0.02247775,0.4244885,0.3170695,0.00873375,0.99497525,3.14941975,3.938443,4.85857425,6.3116375,6.62105525,6.71466175,6.78836175,6.8528015
"62",6.8105405,0.0173045,13.2439485,6.43341075,13.081176,0.16277625,0.08906025,0.0074505,0.06626175,3.529862,0.14738425,5.677836,3.54076825,0.1853285,127.40662325,88.724547,157.148903,251.08101925,265.32797725,406.0746005,80875.49369175,72927.0390795,0.47196175,0.5813565,0.37061875,0.028356,0.223486,0.220127,0.002605,0.89494675,3.17990725,4.18007,5.101835,6.2548575,6.4516795,6.51912525,6.58615075,6.644113
"63",23.22911,22.48164975,19.95573425,-3.2733745,16.51144175,3.44429525,1.68274675,0.162729,1.5988235,4.709477,0.18712825,7.015389,4.37085625,0.22858925,137.3260805,86.94819975,148.3692215,261.8650575,266.4895595,406.60244975,80865.3148255,72930.3492375,0.500311,0.85195425,0.2235005,0.06391275,0.15774825,0.278652,0.0055875,1.0844755,3.23495275,4.219694,5.17470475,6.338359,6.50246875,6.56184575,6.624266,6.679596
"64",45.1817575,33.38171325,44.217321,-0.9644335,27.274253,16.943072,11.829626,1.14930175,3.964136,8.146597,0.31598,11.402455,7.04019525,0.3690255,150.58238925,86.2324735,144.183822,266.727396,267.3758565,407.99470825,80848.3201965,72937.78814425,1.03356375,1.6154255,0.38356425,0.03650525,0.2872635,0.70978225,0.00285,0.43662125,2.0560655,2.7274075,4.00361375,6.4697915,6.7088945,6.7905385,6.86523525,6.93331425
"65",95.22664925,45.17413125,85.1099875,-10.116662,41.530508,43.5794775,30.14402825,3.51323225,9.922217,12.53210225,0.4940955,17.35604425,10.5906695,0.55760175,158.40384725,89.1957945,154.8462495,260.8274115,267.59887675,410.09597,80822.863163,72949.29134675,0.8283085,2.20885175,1.151388,0.01948525,0.1149355,0.69389075,0.00982875,0.012508,0.40818325,2.1936925,3.452622,6.629004,6.9987835,7.11105875,7.2051875,7.290399
"66",114.98334825,59.31378875,116.0958845,1.1125325,66.41168375,49.6842015,32.997153,4.10941625,12.57763725,19.217897,0.8084215,28.346588,17.13514375,0.90363125,172.15370225,93.392801,169.97389875,240.73906425,267.2006015,411.80221675,80780.5588475,72968.02513775,1.406695,5.397421,1.59557525,0.021881,0.3643685,1.02044125,0.02059675,0.68965,2.31737725,2.8792015,4.08275075,7.5536915,7.899332,7.97160125,8.0453245,8.1106525
"67",132.2223735,66.3166085,153.14732775,20.92495775,95.95729375,57.1900315,38.56042725,4.752604,13.87700575,25.31263475,1.21353125,42.438982,25.63899325,1.3531585,187.936606,98.02099175,186.08937275,207.61354675,265.992858,409.883432,80715.1031445,72996.30871175,4.52364825,14.4281025,4.24232225,0.608758,1.28667375,2.6282125,0.3380495,2.04858575,4.07176725,4.244125,5.402633,9.535891,9.688776,9.58417425,9.5342325,9.49411075
"68",130.24688375,67.10704025,161.5717935,31.32490925,101.58114125,59.99065375,41.03927475,4.9745165,13.976868,23.2926815,1.33334325,46.69962675,28.741904,1.51358175,202.5900715,102.504043,200.92680425,178.57122,264.4786905,402.22522375,80636.322285,73029.50234225,12.878705,24.24982175,3.690826,4.2581085,3.45894825,5.16164875,0.0088235,1.6704675,4.22379325,4.50466,5.9250525,11.3185665,11.35878875,11.06185425,10.84793175,10.67820025
"69",100.83907675,56.6347145,133.1052,32.2661235,81.78804425,51.317157,35.3294885,4.11869925,11.8689695,17.030476,1.0820155,38.19478175,24.20430925,1.2764645,210.80717225,105.8388915,210.70709525,168.54430375,263.7374805,394.50065175,80570.2419145,73057.079277,10.43924525,17.628993,2.8945185,2.5061455,4.022416,3.9106855,0.20739675,1.16015125,3.2363445,3.64527525,5.13549675,11.0132735,11.28608925,11.043943,10.81830025,10.6435945
"70",53.784727,25.513048,82.39778275,28.613057,52.102927,30.294855,22.4234935,2.19480725,5.67655175,10.6883255,0.67039225,24.21120425,15.70339375,0.82960725,203.4042245,106.10844,208.231831,175.878601,264.08184475,390.2883345,80529.119705,73074.37630925,5.88788525,7.5118935,1.45398425,0.4781065,3.3208635,2.08890975,0.00584825,0.50281075,2.1113105,2.5114235,3.83607425,9.12934325,9.6777805,9.635029,9.5345175,9.462981
"71",28.0441515,11.17598925,53.8769775,25.8328235,32.574962,21.30201525,16.7470095,1.4062905,3.14871375,7.070525,0.4061765,14.8405415,9.74190925,0.51580725,189.96261025,105.31301475,202.1473465,189.85863,264.8295335,388.6931975,80505.338866,73084.49677675,2.05576175,2.70771425,1.608127,0.05329025,0.90187275,1.100601,0.01792075,0.0127725,1.676156,2.18636275,3.31610025,7.462364,8.06784,8.15115675,8.16293025,8.18155925
"72",3.352291,0.0029765,30.9485425,27.5962515,20.34386825,10.60467425,8.12706225,0.58214375,1.89547125,4.6676775,0.238814,9.09788625,6.0215065,0.317983,169.8004085,102.9949535,189.986284,212.112395,266.2717165,388.17487525,80490.76609025,73089.51837825,1.26652325,1.331496,0.8050555,0.04969,0.63255575,0.5842775,0.01732175,0.05329075,2.81150175,3.5428005,4.42378075,6.43703275,6.87252125,6.9748545,7.037563,7.0937545
"73",4.2147735,0.00015275,11.42311475,7.20834325,10.67721125,0.74590075,0.453048,0.04146325,0.2513885,2.72421775,0.1222565,4.6064515,3.06275575,0.161524,154.27808775,101.35115975,181.663106,230.2765705,267.4051415,388.37095125,80482.8869325,73090.88288875,0.2822595,0.49377575,0.62792025,0.04269925,0.06735375,0.17220325,0.0058515,0.92869775,3.1974605,4.134853,4.9764135,6.22658875,6.472405,6.541191,6.60163675,6.653513
"74",11.25802775,0.1007345,14.41789075,3.15986525,13.65271775,0.7651745,0.447276,0.0376505,0.28024925,3.734548,0.15552375,5.74680275,3.8148565,0.200985,140.2641245,99.29805825,171.5753595,246.34878525,268.81433,389.02145925,80473.445957,73093.211563,0.51674525,0.6503635,0.247475,0.05495025,0.18259425,0.27920175,0.004627,1.1408525,3.364219,4.27947425,5.13221375,6.26961525,6.438266,6.48983375,6.544394,6.592606
"75",20.85764525,18.30492625,17.10711075,-3.7505335,14.47690125,2.6302055,1.263542,0.13669475,1.22997275,4.16505375,0.1636295,5.98132625,3.9582855,0.20860725,145.03602,97.34466725,162.194351,260.0260985,270.19355675,390.0269775,80463.75105575,73095.782656,0.463379,0.6620185,0.18585025,0.01970125,0.1728635,0.270822,0.0025565,1.06021575,3.31512325,4.28123475,5.161115,6.31379925,6.46041075,6.506284,6.55992575,6.608511
"76",53.284683,41.822347,46.18475675,-7.09992825,23.364751,22.8200055,16.0794185,1.57966575,5.160921,7.13479075,0.269948,9.44567625,6.18738,0.32695325,164.5768545,96.8286395,158.64425575,268.603473,271.26697325,392.214697,80448.79988425,73101.8156835,0.780675,1.21309875,0.41635,0.0258495,0.1649205,0.58990725,0.0021965,0.33944975,2.03399225,2.7603195,3.992182,6.3860415,6.614737,6.686021,6.75266525,6.81366075
"77",85.70721875,38.22146375,80.90253625,-4.80468025,39.262237,41.64029775,29.6735095,3.30803375,8.658754,12.158479,0.4612535,15.86117125,10.23894075,0.54238825,167.8105255,98.77540125,164.966582,265.77780025,271.8665095,395.95817275,80423.26361225,73112.8531045,1.14902,2.4289115,0.6039255,0.017619,0.2909085,0.84049325,0.00666525,0.2312795,1.5995585,2.11948525,3.2914635,6.57127875,6.94140875,7.04991675,7.139479,7.22080375
"78",127.98800925,62.4905605,124.52227125,-3.465735,67.499228,57.02304025,38.68032625,4.7648115,13.5779065,20.15304425,0.812617,27.91459075,17.67978175,0.93919175,182.258685,102.98227175,180.2159175,245.38523975,271.714704,400.551539,80378.680235,73131.91603475,1.821751,6.4473585,2.0214675,0.0579065,0.47489775,1.2889495,0.00941975,0.90108625,2.327592,2.771819,3.93535275,7.536075,7.88918825,7.96274675,8.03876625,8.10573275
"79",137.035355,67.47432525,146.99932875,9.963969,85.43490875,61.564418,41.941861,5.147739,14.4748225,23.381598,1.060774,36.75785975,23.01023475,1.2244415,197.716648,107.58449675,196.53277475,218.51166325,271.0166845,402.17595075,80319.55812675,73157.05494175,3.999696,10.57227125,2.16703225,0.0572345,1.5544305,2.38805575,0.0115045,1.40416075,3.26902425,3.52734125,4.69981425,8.8869405,9.137568,9.09537375,9.08833925,9.08672125
"80",119.940735,63.01065075,136.7216175,16.780881,77.317932,59.40368475,40.89938,4.8646645,13.6396385,19.20422475,0.97131075,34.3997885,21.591712,1.15089725,209.53066925,111.7742325,210.81066525,203.87782525,270.5371545,400.289274,80264.7625395,73180.417872,3.51916525,9.01551675,2.59097375,0.05700575,1.39346975,2.0686895,0.00691425,0.93045325,2.7948085,3.222241,4.531142,9.297836,9.5855225,9.49708975,9.4331435,9.38797875
"81",96.41946675,53.70085975,123.02379375,26.604325,72.95964125,50.06414925,34.45558275,4.00344775,11.60512225,17.32720525,0.92255875,32.816042,20.78742425,1.10641275,215.82682175,114.76911725,219.705071,194.923807,270.324998,397.41906375,80210.11218725,73203.56988225,5.721678,11.23423925,2.0243175,0.8245765,2.3135735,2.58352925,0.19185875,1.09179875,2.966955,3.3170615,4.6101045,9.51339325,9.89050525,9.815835,9.73277175,9.66884675
"82",51.22355225,26.36042575,79.67692175,28.45337,49.916315,29.76060775,21.462484,2.22045,6.077675,11.52017175,0.61445575,22.55631375,14.45693525,0.76843525,208.494087,114.935043,216.93785175,201.02049825,270.972364,395.18124825,80172.16728675,73219.754043,5.4601885,7.14487475,0.820208,0.94567475,2.43503125,2.07948225,0.00511625,0.4827795,1.97720925,2.3679225,3.618325,8.42267825,8.96882,9.0009515,8.976347,8.962374
"83",5.76131475,0.00313925,33.7095495,27.94823925,22.6697795,11.03976825,8.8508095,0.59614025,1.5928205,5.34505925,0.26113175,10.145762,6.56884475,0.348986,189.3986735,112.570654,204.73795775,220.44022275,272.3911345,394.50999175,80156.09560675,73226.541641,2.02923275,1.788996,0.4351655,0.022693,1.1285625,0.87795025,0.005112,0.52822375,2.05126075,2.5593415,3.6644185,6.963195,7.495374,7.5957855,7.64281075,7.68725225
"84",3.796484,0.00917725,24.5155445,20.719062,16.401371,8.114175,5.94523525,0.474581,1.69435725,4.174935,0.183541,7.15047075,4.64568225,0.2467455,169.38447925,110.2797505,193.35851075,242.857575,273.932922,394.56294875,80144.782204,73229.92187475,1.0857715,0.930925,0.4843525,0.03439075,0.5713325,0.48004725,0.0112855,0.23888,2.702342,3.519479,4.44842175,6.2677305,6.62630975,6.71656925,6.78367425,6.84273
"85",3.28202825,0.00012825,7.766301,4.48427375,7.355686,0.41061725,0.213335,0.024692,0.17259225,2.05009825,0.0806295,3.100254,2.01755375,0.10715425,154.33223675,108.96085425,187.00283125,260.01221425,274.88071725,394.87898475,80139.203183,73230.42070175,0.33854675,0.269108,0.3227065,0.02897175,0.139613,0.169972,0.002771,0.65812925,2.90342825,3.919553,4.84273625,6.15033525,6.35201925,6.399721,6.45254275,6.49814725
"86",5.9789945,0.0067745,4.18577575,-1.79321825,4.042855,0.142921,0.07738825,0.00644625,0.05908325,1.18069075,0.04393075,1.672729,1.08762275,0.05788025,142.659106,108.2150725,183.467543,272.8150635,275.422866,395.13066075,80136.1195505,73230.451718,0.292834,0.1250635,0.09030825,0.01080525,0.066207,0.21582775,0.00187375,0.74834675,2.8627765,3.944303,4.9030905,6.1452985,6.26692625,6.2796975,6.3133015,6.34290925
"87",19.53616625,0.91785175,15.28922975,-4.246938,14.001281,1.28795125,0.69443675,0.062841,0.530674,4.3466325,0.15415925,5.644632,3.661733,0.19412175,130.61843475,106.01862275,173.284965,286.4260275,276.95379475,396.46446175,80127.11710775,73232.5807025,0.29207325,0.47673825,0.082885,0.00794125,0.07958525,0.20455375,0.00135825,0.69962575,2.8636755,3.99156925,4.9982925,6.315799,6.44268875,6.460855,6.4956365,6.52786825
"88",37.76399225,36.3511215,28.06092975,-9.7030605,15.08881825,12.9721105,7.33928675,1.00472075,4.62810725,4.84943175,0.1650745,5.998542,3.8705415,0.205227,150.444446,104.8617705,166.1493285,298.38397225,278.44563125,398.13594,80117.72828025,73235.07622925,0.3397605,0.54651625,0.127035,0.01211075,0.1257165,0.2019315,0.01690375,0.4842965,2.81358325,3.96119425,4.99532775,6.3921955,6.53640325,6.562342,6.6009285,6.637996
"89",96.89667175,58.30070425,73.39530675,-23.501361,27.41657875,45.97873,28.68456225,3.626191,13.66797625,9.3769515,0.311792,10.61894275,6.74943675,0.359456,171.19802775,107.448611,174.77147725,302.026503,279.43750225,401.91448575,80101.6264255,73241.40974775,0.43282925,1.15015775,0.726217,0.01911,0.0228475,0.390867,0.00379075,0.15642225,0.917209,2.45209075,3.8398025,6.544608,6.76977875,6.83045,6.8906405,6.94842875
"90",125.59523625,61.7287935,126.5911015,0.99586675,72.3106785,54.28041625,36.2341875,4.49265675,13.553574,23.589887,0.839139,28.98088325,17.943444,0.95733025,185.07015425,111.237018,188.49084575,273.80592375,279.46886625,409.54121075,80055.7867215,73261.33543075,3.48515275,8.8786105,1.954421,1.07603275,0.5591235,1.85000125,0.1542685,1.16066875,2.51626,2.83646525,3.9564125,7.580661,7.8773475,7.93638,8.016559,8.09016575
"91",133.7011,66.72043775,160.1387815,26.43768025,101.24933675,58.8894445,39.787273,4.89299925,14.209174,29.0451175,1.2273895,43.29206025,26.282587,1.40218775,199.88692575,115.38603325,203.0694895,230.48626125,278.51377075,412.21469175,79984.89867275,73291.764318,11.1872035,21.3401715,2.613352,4.7731595,1.73823925,4.67581,0.007625,1.437763,3.68632275,3.8945695,5.1217555,9.5839015,9.669714,9.54402775,9.5179685,9.5040945
"92",120.12549925,65.42775875,146.63235675,26.506851,87.229633,59.40271925,40.4377875,4.87868175,14.08624875,22.20996875,1.0886025,38.92118625,23.7354475,1.2744285,212.6941485,119.74417,218.36976225,209.387495,277.84847575,409.53919125,79926.0483595,73317.3156445,3.3104015,9.7567085,3.69620925,0.09108175,1.0732045,2.14611125,0.044322,0.23308825,2.92451375,3.54371325,4.85597475,9.89952725,10.07632475,9.90444925,9.8017525,9.73048475
"93",87.5364525,48.984101,116.17867575,28.64223,71.30867525,44.87000225,30.62480925,3.591902,10.6532935,16.95947775,0.88836275,32.3841935,20.00258375,1.0740645,216.3195925,122.3203095,226.0581355,202.78991675,277.772094,405.75606175,79876.36314425,73338.88275125,2.927074,7.92409975,3.16439725,0.06795375,1.04553125,1.81359025,0.00527275,0.59988575,2.429665,2.89890775,4.2554435,9.42891075,9.7808875,9.667742,9.56479075,9.49330675
"94",26.16765825,5.38058225,55.82350975,29.655847,36.05713375,19.76637625,16.5127085,1.25250475,2.00116525,8.4951015,0.4254335,16.34158125,10.24701775,0.54800125,199.071837,120.207158,214.7128485,216.6404895,279.05129075,403.949111,79850.55535075,73350.23896575,3.20311575,3.77437925,0.69847125,0.22837275,1.59335375,1.38139025,0.02387675,0.421003,1.79404325,2.20301525,3.386187,7.7473075,8.294325,8.33932025,8.33664675,8.34558625
"95",7.71088825,0.098687,37.21623225,29.50534275,23.2927635,13.9234715,11.2426205,0.83433825,1.8465125,5.765203,0.26501025,10.36849025,6.54441925,0.3496375,180.92426925,117.56743275,201.85740525,234.795786,280.69686275,403.3438595,79834.5565415,73356.99414125,1.87115325,1.95139825,0.42924525,0.17625325,0.90663175,0.78826925,0.0054645,0.7419485,2.323478,2.899619,3.9369965,6.74572975,7.2432475,7.34367675,7.4003015,7.45414725
"96",3.82801575,0.01537,27.14296525,23.3149505,17.3634195,9.77954425,7.11413,0.6128355,2.052575,4.64117475,0.1915735,7.51410375,4.76235325,0.25421675,161.851675,114.797869,188.935676,256.6610935,282.62084525,403.505016,79823.21994175,73360.37541175,0.87090125,0.924699,0.2945025,0.02631425,0.4928225,0.351773,0.0037415,1.20379325,3.125827,3.935746,4.8048905,6.32522625,6.633731,6.7191305,6.78634275,6.84589225
